-0.018989	0.0183704	0.0124409	0.00663492	0.0142588	-0.00656553	-0.00130707	-0.00367967	0.00642568	0.002137
-0.0132644	0.0100797	0.00384553	0.00334193	0.0102251	-0.00706842	0.00399815	-0.0062102	0.00778421	0.000610182
-0.0158569	0.0187136	0.00269671	-0.000823853	0.00541768	-0.00190613	-0.00012719	0.00717232	0.00930795	0.00890036
-0.0179853	0.00561524	0.0125222	-0.00203259	-0.00122971	-0.00525184	-0.0175778	-0.0119235	-0.00284304	-0.0116928
-0.0141659	0.00529838	0.0130024	0.0112884	0.00561034	-0.0063863	0.00184842	0.0012664	0.0060072	-0.00187464
-0.00163597	0.00203247	-0.00199269	0.0034406	0.0014668	0.00279085	9.09828e-06	0.00222882	0.00623468	0.00557388
0.00302725	0.00599365	0.00691547	0.00239756	0.0122903	0.00124875	0.00525143	0.015791	-0.0146279	-0.000841541
0.0153649	0.0182245	-0.0109176	0.00129997	0.0183813	0.00848191	0.00140381	0.00251463	6.79051e-05	0.000783192
0.0140214	0.00173436	-0.00324383	-0.001503	0.00892808	-0.000680625	0.003374	-0.00282076	-0.0130151	-0.00914741
-0.00493353	0.0116321	-0.00423359	0.00122055	0.0061858	0.00191947	0.00176229	0.00531474	0.0113911	0.00686161
0.00598738	0.00560697	0.00348545	0.00187604	0.0117142	0.00248655	0.00236615	0.0103164	-0.00987908	0.000171674
0.00888247	-0.000148339	-0.00278924	0.00700861	0.00839665	0.000367232	0.00282019	-0.00113105	-0.00464133	-0.00184828
0.0155849	-0.00964191	-0.00934429	0.00843352	-0.00469951	-0.000595616	0.00549592	-0.023398	0.00452951	-0.00770522
0.0069194	4.716e-05	-0.000270578	0.0145879	0.0123712	0.00319552	0.0057098	0.00974253	-0.00284384	0.00558409
0.0137198	0.0118397	-0.00131896	0.0208696	0.0243529	0.00903165	0.00394711	0.0145343	-0.00306916	0.00694415
0.00890378	-0.00176094	-0.00142072	0.00339446	0.00379401	0.000751881	0.00118753	-0.00256821	-0.00559282	-0.00411261
0.00127948	-0.00270114	-0.00175424	-0.00163339	-0.00241498	-0.00160415	-0.00313599	-0.00194566	0.000108292	-0.00121623
0.000443229	-0.00132947	-0.00062393	-0.00060975	-0.00112161	-0.000748718	-0.00141056	-0.000869018	-1.81492e-05	-0.000518731
0.0219667	-0.0647817	-0.0311821	-0.0311459	-0.0553338	-0.0370462	-0.0703623	-0.0435731	-0.000932228	-0.0261238
-0.00806382	-0.00411752	0.00626742	-0.00599292	-0.00716109	-0.00215332	-0.0256837	-0.0301096	-0.00562119	-0.0205196
0.00115239	0.00154424	-0.00168014	-0.00290081	-0.000196527	-0.000352726	-0.0091984	-0.0163243	-0.00122907	-0.0120883
0.0152658	0.000442983	-0.00201882	-0.000319845	0.00469434	-0.00388631	0.00180107	-0.0184802	-0.00657086	-0.0135659
0.0120046	0.0105757	-0.000812853	0.0151306	0.0218889	0.00777086	0.00307846	0.00851822	-0.00416488	0.00254776
0.0133998	0.00289143	-0.000159321	0.00532177	0.00711063	0.00136806	-0.000948381	-0.0126867	-0.00687996	-0.008191
0.0033114	0.00561477	0.00371841	0.00357801	0.0113057	0.00307227	0.00111651	0.0156685	-0.00897356	0.00430465
0.00892663	-0.00395899	-0.00171976	0.000246622	-0.00362464	-0.00690041	0.00573339	-0.0233519	0.00280092	-0.0118466
0.00335117	-0.00417216	0.000269861	-0.000981085	-0.00391594	-0.00304612	0.00219453	-0.0082161	-0.00116011	-0.00599317
0.0122486	0.000412834	-0.000900612	-0.00532716	0.00172022	-0.00798787	-0.000729001	-0.0299546	-0.00545792	-0.0193336
0.0140988	0.00379278	-0.00589921	0.00455271	0.0104324	-0.000266801	0.00253329	-0.00963723	-0.00104532	-0.0061563
0.0035167	0.00324215	0.00462534	0.00765089	0.00907135	0.00202208	-0.000791058	0.0099358	-0.00627427	0.00223395
0.00278172	0.00228493	-0.00674456	0.000524666	-7.72293e-05	0.00119046	0.00397736	-0.00470536	0.0102743	0.0010444
-0.00139646	0.00369441	-0.00565196	0.00135224	-0.000581083	0.00395846	0.000123846	0.0017163	0.0110076	0.00626
0.00335295	0.00698679	-0.00511801	-0.0149098	-0.00154828	1.70112e-06	0.000152937	0.00144394	-0.00357355	-0.00330703
0.0106663	0.011976	-0.0175399	-0.0101278	0.00463374	0.00511278	0.000454544	-0.0027509	0.00967718	0.00163415
-0.0018752	0.000411426	-0.00463326	-0.000812946	-0.00190731	4.87073e-05	0.00295668	-0.00239056	0.0122156	0.00228782
0.00590086	0.0262254	-0.00414086	-0.0230002	0.0124356	0.00636922	-0.00557945	0.0167768	-0.011235	-0.00378402
0.0138051	0.00920485	-0.0184238	-0.0121884	0.00111695	0.00436632	0.00259473	-0.00389169	0.00993864	-0.00230697
0.00137927	0.00787699	-0.00568573	-0.00404331	0.00441294	0.00426263	0.00025115	0.00703688	0.0036614	0.00412294
0.0103104	0.0115915	-0.0115031	-0.0140007	0.00126427	0.000869969	0.00383731	-0.00598504	0.00167752	-0.00625793
0.000803441	0.0187151	-0.000251283	-0.0183053	0.00487267	-0.00019685	0.00679785	0.00362904	-0.00729284	-0.00638541
0.00848241	0.00409509	-0.0173873	-0.00329099	-0.00294921	0.00293824	0.00447155	-0.00988212	0.0197493	0.0010402
-0.0122083	0.00279525	0.0136562	-0.00691945	-0.000443815	-0.00154204	-0.0236559	-0.0140161	-0.010919	-0.0131635
-0.0245035	0.0112054	0.00884745	0.000230128	0.00186036	-0.0058308	-0.00644332	0.000777287	0.00440307	0.00401239
-0.0126898	0.00560259	0.00299873	0.000809632	-0.000233693	-0.0041634	0.000543989	-0.00163851	0.00609973	0.000968334
-0.00460041	0.00167785	0.00409055	0.00525525	0.00470438	-0.00151117	0.00296424	0.000605531	0.00189949	0.00174125
-0.0106705	0.0077967	0.0047376	0.000607915	0.00306638	-0.00164336	-0.00224377	0.00275633	0.00248533	0.00421774
-0.0096971	0.00267045	0.00586035	0.00342405	0.00108682	-0.0035371	-0.00111257	0.0011987	0.002219	-0.000281024
-0.00306394	0.0037387	-0.000172324	-0.000843349	-0.000605303	0.00128826	0.00131565	0.000370953	0.00579674	0.00282402
-0.0118799	-0.00655482	0.0124865	-0.0063624	-0.00798733	-0.0025709	-0.032538	-0.0304822	-0.0137205	-0.0236898
-0.00240995	0.00590887	0.00178047	-0.00483435	-0.000338415	-0.000563196	-0.0141858	-0.0146234	-0.00154305	-0.0142485
-0.0165774	0.00276255	0.0195762	-0.0129884	0.00232304	-0.00126313	-0.0325864	-0.020469	-0.0242202	-0.0156229
-0.0029302	-0.00502941	0.00334229	-0.00743235	-0.00694206	-0.00160704	-0.0187561	-0.0219963	-0.00997287	-0.017755
